<?xml version="1.0" encoding="utf-8"?>
<COLLADA xmlns="http://www.collada.org/2005/11/COLLADASchema" version="1.4.1">
<asset>
	<contributor>
		<author>Anonymous</author>
		<authoring_tool>Collada Exporter for Blender 2.6+, by Juan Linietsky (juan@codenix.com)</authoring_tool>
	</contributor>
	<created>2018-10-21T17:59:35Z</created>
	<modified>2018-10-21T17:59:35Z</modified>
	<unit meter="1.0" name="meter"/>
	<up_axis>Z_UP</up_axis>
</asset>
<library_effects>
	<effect id="id-fx-14" name="Material-fx">
		<profile_COMMON>
			<technique sid="common">
				<blinn>
					<emission>
						<color>  0.0 0.0 0.0 1.0 </color>
					</emission>
					<ambient>
						<color>  0.0 0.0 0.0 1.0 </color>
					</ambient>
					<diffuse>
						<color>  0.6400000190734865 0.6400000190734865 0.6400000190734865 1.0 </color>
					</diffuse>
					<specular>
						<color>  0.5 0.5 0.5 1.0 </color>
					</specular>
					<shininess>
						<float>50</float>
					</shininess>
					<reflective>
						<color>  1.0 1.0 1.0 1.0 </color>
					</reflective>
					<index_of_refraction>
						<float>4.0</float>
					</index_of_refraction>
				</blinn>
				<extra>
					<technique profile="FCOLLADA">
					</technique>
					<technique profile="GOOGLEEARTH">
						<double_sided>0</double_sided>
					</technique>
				</extra>
			</technique>
		</profile_COMMON>
	</effect>
</library_effects>
<library_materials>
	<material id="id-material-15" name="Material">
		<instance_effect url="#id-fx-14"/>
	</material>
</library_materials>
<library_geometries>
	<geometry id="id-mesh-16" name="Cube.005">
		<mesh>
			<source id="id-mesh-16-positions">
				<float_array id="id-mesh-16-positions-array" count="432"> -1.5418034791946411 -0.0003013908863067627 1.534408688545227 1.0169557332992554 -0.0003013908863067627 1.5344085693359375 1.0169557332992554 1.0 1.5344085693359375 -1.5418034791946411 1.0 1.534408688545227 -1.5418034791946411 1.0 1.534408688545227 1.0169557332992554 1.0 1.5344085693359375 1.0169557332992554 1.0 0.5045151710510254 -1.5418034791946411 1.0 0.5045152306556702 -1.5418034791946411 1.0 0.5045152306556702 1.0169557332992554 1.0 0.5045151710510254 1.0169557332992554 -0.0003013908863067627 0.5045151710510254 -1.5418034791946411 -0.0003013908863067627 0.5045152306556702 -1.5418034791946411 -0.0003013908863067627 0.5045152306556702 1.0169557332992554 -0.0003013908863067627 0.5045151710510254 1.0169557332992554 -0.0003013908863067627 1.5344085693359375 -1.5418034791946411 -0.0003013908863067627 1.534408688545227 -1.5418034791946411 1.0 1.534408688545227 -1.5418034791946411 1.0 0.5045152306556702 -1.5418034791946411 -0.0003013908863067627 0.5045152306556702 -1.5418034791946411 -0.0003013908863067627 1.534408688545227 1.0169557332992554 1.0 0.5045151710510254 1.0169557332992554 1.0 1.5344085693359375 1.0169557332992554 -0.0003013908863067627 1.5344085693359375 1.0169557332992554 -0.0003013908863067627 0.5045151710510254 2.9632396697998047 1.3248867988586426 1.9351228475570679 2.9632396697998047 -0.32003384828567505 1.9351228475570679 0.9632396697998047 -0.3200336694717407 1.9351228475570679 0.9632401466369629 1.3248872756958008 1.9351228475570679 2.963240146636963 1.3248863220214844 3.3336331844329834 0.963239848613739 1.3248867988586426 3.3336331844329834 0.9632394313812256 -0.3200334906578064 3.3336331844329834 2.9632391929626465 -0.3200344443321228 3.3336331844329834 2.9632396697998047 1.3248867988586426 1.9351228475570679 2.963240146636963 1.3248863220214844 3.3336331844329834 2.9632391929626465 -0.3200344443321228 3.3336331844329834 2.9632396697998047 -0.32003384828567505 1.9351228475570679 2.9632396697998047 -0.32003384828567505 1.9351228475570679 2.9632391929626465 -0.3200344443321228 3.3336331844329834 0.9632394313812256 -0.3200334906578064 3.3336331844329834 0.9632396697998047 -0.3200336694717407 1.9351228475570679 0.9632396697998047 -0.3200336694717407 1.9351228475570679 0.9632394313812256 -0.3200334906578064 3.3336331844329834 0.963239848613739 1.3248867988586426 3.3336331844329834 0.9632401466369629 1.3248872756958008 1.9351228475570679 2.963240146636963 1.3248863220214844 3.3336331844329834 2.9632396697998047 1.3248867988586426 1.9351228475570679 0.9632401466369629 1.3248872756958008 1.9351228475570679 0.963239848613739 1.3248867988586426 3.3336331844329834 0.9569639563560486 -0.9764244556427002 -2.612687110900879 0.9569639563560486 0.09415328502655029 -0.5858802795410156 0.9569639563560486 0.9760700464248657 -1.0517168045043945 0.9569639563560486 -0.09450769424438477 -3.0785233974456787 0.9569639563560486 -0.09450769424438477 -3.0785233974456787 0.9569639563560486 0.9760700464248657 -1.0517168045043945 1.9543509483337402 0.9760700464248657 -1.0517168045043945 1.9543509483337402 -0.09450769424438477 -3.0785233974456787 1.9543509483337402 -0.09450769424438477 -3.0785233974456787 1.9543509483337402 0.9760700464248657 -1.0517168045043945 1.9543509483337402 0.09415328502655029 -0.5858802795410156 1.9543509483337402 -0.9764244556427002 -2.612687110900879 1.9543509483337402 -0.9764244556427002 -2.612687110900879 1.9543509483337402 0.09415328502655029 -0.5858802795410156 0.9569639563560486 0.09415328502655029 -0.5858802795410156 0.9569639563560486 -0.9764244556427002 -2.612687110900879 0.9569639563560486 -0.09450769424438477 -3.0785233974456787 1.9543509483337402 -0.09450769424438477 -3.0785233974456787 1.9543509483337402 -0.9764244556427002 -2.612687110900879 0.9569639563560486 -0.9764244556427002 -2.612687110900879 1.9543509483337402 0.9760700464248657 -1.0517168045043945 0.9569639563560486 0.9760700464248657 -1.0517168045043945 0.9569639563560486 0.09415328502655029 -0.5858802795410156 1.9543509483337402 0.09415328502655029 -0.5858802795410156 2.069915533065796 0.1209259033203125 -3.166700601577759 2.069915533065796 0.1209259033203125 -0.8745220899581909 2.069915533065796 1.118312954902649 -0.8745220899581909 2.069915533065796 1.118312954902649 -3.166700601577759 2.069915533065796 1.118312954902649 -3.166700601577759 2.069915533065796 1.118312954902649 -0.8745220899581909 3.0673024654388428 1.118312954902649 -0.8745220899581909 3.0673024654388428 1.118312954902649 -3.166700601577759 3.0673024654388428 1.118312954902649 -3.166700601577759 3.0673024654388428 1.118312954902649 -0.8745220899581909 3.0673024654388428 0.1209259033203125 -0.8745220899581909 3.0673024654388428 0.1209259033203125 -3.166700601577759 3.0673024654388428 0.1209259033203125 -3.166700601577759 3.0673024654388428 0.1209259033203125 -0.8745220899581909 2.069915533065796 0.1209259033203125 -0.8745220899581909 2.069915533065796 0.1209259033203125 -3.166700601577759 2.069915533065796 1.118312954902649 -3.166700601577759 3.0673024654388428 1.118312954902649 -3.166700601577759 3.0673024654388428 0.1209259033203125 -3.166700601577759 2.069915533065796 0.1209259033203125 -3.166700601577759 3.0673024654388428 1.118312954902649 -0.8745220899581909 2.069915533065796 1.118312954902649 -0.8745220899581909 2.069915533065796 0.1209259033203125 -0.8745220899581909 3.0673024654388428 0.1209259033203125 -0.8745220899581909 5.5037312507629395 0.03804278373718262 0.4495936930179596 2.944972038269043 0.03804278373718262 0.44959399104118347 2.944972038269043 1.038344144821167 0.44959399104118347 5.5037312507629395 1.038344144821167 0.4495936930179596 5.5037312507629395 1.038344144821167 0.4495936930179596 2.944972038269043 1.038344144821167 0.44959399104118347 2.944972038269043 1.038344144821167 1.4794872999191284 5.5037312507629395 1.038344144821167 1.4794869422912598 5.5037312507629395 1.038344144821167 1.4794869422912598 2.944972038269043 1.038344144821167 1.4794872999191284 2.944972038269043 0.03804278373718262 1.4794872999191284 5.5037312507629395 0.03804278373718262 1.4794869422912598 5.5037312507629395 0.03804278373718262 1.4794869422912598 2.944972038269043 0.03804278373718262 1.4794872999191284 2.944972038269043 0.03804278373718262 0.44959399104118347 5.5037312507629395 0.03804278373718262 0.4495936930179596 5.5037312507629395 1.038344144821167 0.4495936930179596 5.5037312507629395 1.038344144821167 1.4794869422912598 5.5037312507629395 0.03804278373718262 1.4794869422912598 5.5037312507629395 0.03804278373718262 0.4495936930179596 2.944972038269043 1.038344144821167 1.4794872999191284 2.944972038269043 1.038344144821167 0.44959399104118347 2.944972038269043 0.03804278373718262 0.44959399104118347 2.944972038269043 0.03804278373718262 1.4794872999191284 1.007814884185791 -0.4550821781158447 -1.0088533163070679 1.007814884185791 -0.4550821781158447 1.6788452863693237 1.007814884185791 1.467847466468811 1.6788452863693237 1.007814884185791 1.467847466468811 -1.0088533163070679 1.007814884185791 1.467847466468811 -1.0088533163070679 1.007814884185791 1.467847466468811 1.6788452863693237 2.937352180480957 1.467847466468811 1.6788452863693237 2.937352180480957 1.467847466468811 -1.0088533163070679 2.937352180480957 1.467847466468811 -1.0088533163070679 2.937352180480957 1.467847466468811 1.6788452863693237 2.937352180480957 -0.4550821781158447 1.6788452863693237 2.937352180480957 -0.4550821781158447 -1.0088533163070679 2.937352180480957 -0.4550821781158447 -1.0088533163070679 2.937352180480957 -0.4550821781158447 1.6788452863693237 1.007814884185791 -0.4550821781158447 1.6788452863693237 1.007814884185791 -0.4550821781158447 -1.0088533163070679 1.007814884185791 1.467847466468811 -1.0088533163070679 2.937352180480957 1.467847466468811 -1.0088533163070679 2.937352180480957 -0.4550821781158447 -1.0088533163070679 1.007814884185791 -0.4550821781158447 -1.0088533163070679 2.937352180480957 1.467847466468811 1.6788452863693237 1.007814884185791 1.467847466468811 1.6788452863693237 1.007814884185791 -0.4550821781158447 1.6788452863693237 2.937352180480957 -0.4550821781158447 1.6788452863693237</float_array>
				<technique_common>
				<accessor source="#id-mesh-16-positions-array" count="144" stride="3">
					<param name="X" type="float"/>
					<param name="Y" type="float"/>
					<param name="Z" type="float"/>
				</accessor>
				</technique_common>
			</source>
			<source id="id-mesh-16-normals">
				<float_array id="id-mesh-16-normals-array" count="432"> 4.657466945445776e-08 0.0 1.0 4.657466945445776e-08 0.0 1.0 4.657466945445776e-08 0.0 1.0 4.657466945445776e-08 0.0 1.0 0.0 1.0 0.0 0.0 1.0 0.0 0.0 1.0 0.0 0.0 1.0 0.0 -2.328733472722888e-08 0.0 -1.0 -2.328733472722888e-08 0.0 -1.0 -2.328733472722888e-08 0.0 -1.0 -2.328733472722888e-08 0.0 -1.0 0.0 -1.0 0.0 0.0 -1.0 0.0 0.0 -1.0 0.0 0.0 -1.0 0.0 -1.0 0.0 0.0 -1.0 0.0 0.0 -1.0 0.0 0.0 -1.0 0.0 0.0 1.0 0.0 0.0 1.0 0.0 0.0 1.0 0.0 0.0 1.0 0.0 0.0 0.0 0.0 -1.0 0.0 0.0 -1.0 0.0 0.0 -1.0 0.0 0.0 -1.0 9.671513367948137e-08 0.0 1.0 9.671513367948137e-08 0.0 1.0 9.671513367948137e-08 0.0 1.0 9.671513367948137e-08 0.0 1.0 1.0 -2.0728097638311738e-07 -1.2354909304825024e-13 1.0 -2.0728097638311738e-07 -1.2354909304825024e-13 1.0 -2.0728097638311738e-07 -1.2354909304825024e-13 1.0 -2.0728097638311738e-07 -1.2354909304825024e-13 -2.8312211952652433e-07 -1.0 -1.6451072326617577e-07 -2.8312211952652433e-07 -1.0 -1.6451072326617577e-07 -2.8312211952652433e-07 -1.0 -1.6451072326617577e-07 -2.8312211952652433e-07 -1.0 -1.6451072326617577e-07 -1.0 2.591012275843241e-07 -1.917903915682473e-07 -1.0 2.591012275843241e-07 -1.917903915682473e-07 -1.0 2.591012275843241e-07 -1.917903915682473e-07 -1.0 2.591012275843241e-07 -1.917903915682473e-07 2.3841860752327193e-07 1.0 3.9688765696155315e-07 2.3841860752327193e-07 1.0 3.9688765696155315e-07 2.3841860752327193e-07 1.0 3.9688765696155315e-07 2.3841860752327193e-07 1.0 3.9688765696155315e-07 -1.0 0.0 0.0 -1.0 0.0 0.0 -1.0 0.0 0.0 -1.0 0.0 0.0 0.0 0.8842273354530334 -0.46705690026283264 0.0 0.8842273354530334 -0.46705690026283264 0.0 0.8842273354530334 -0.46705690026283264 0.0 0.8842273354530334 -0.46705690026283264 1.0 0.0 0.0 1.0 0.0 0.0 1.0 0.0 0.0 1.0 0.0 0.0 0.0 -0.8842273354530334 0.4670569598674774 0.0 -0.8842273354530334 0.4670569598674774 0.0 -0.8842273354530334 0.4670569598674774 0.0 -0.8842273354530334 0.4670569598674774 0.0 -0.4670567512512207 -0.8842273354530334 0.0 -0.4670567512512207 -0.8842273354530334 0.0 -0.4670567512512207 -0.8842273354530334 0.0 -0.4670567512512207 -0.8842273354530334 0.0 0.46705693006515503 0.8842272162437439 0.0 0.46705693006515503 0.8842272162437439 0.0 0.46705693006515503 0.8842272162437439 0.0 0.46705693006515503 0.8842272162437439 -1.0 0.0 0.0 -1.0 0.0 0.0 -1.0 0.0 0.0 -1.0 0.0 0.0 0.0 1.0 0.0 0.0 1.0 0.0 0.0 1.0 0.0 0.0 1.0 0.0 1.0 0.0 0.0 1.0 0.0 0.0 1.0 0.0 0.0 1.0 0.0 0.0 0.0 -1.0 0.0 0.0 -1.0 0.0 0.0 -1.0 0.0 0.0 -1.0 0.0 0.0 0.0 -1.0 0.0 0.0 -1.0 0.0 0.0 -1.0 0.0 0.0 -1.0 0.0 0.0 1.0 0.0 0.0 1.0 0.0 0.0 1.0 0.0 0.0 1.0 -1.164366736361444e-07 0.0 -1.0 -1.164366736361444e-07 0.0 -1.0 -1.164366736361444e-07 0.0 -1.0 -1.164366736361444e-07 0.0 -1.0 0.0 1.0 0.0 0.0 1.0 0.0 0.0 1.0 0.0 0.0 1.0 0.0 1.3972400836337329e-07 0.0 1.0 1.3972400836337329e-07 0.0 1.0 1.3972400836337329e-07 0.0 1.0 1.3972400836337329e-07 0.0 1.0 0.0 -1.0 0.0 0.0 -1.0 0.0 0.0 -1.0 0.0 0.0 -1.0 0.0 1.0 0.0 0.0 1.0 0.0 0.0 1.0 0.0 0.0 1.0 0.0 0.0 -1.0 0.0 0.0 -1.0 0.0 0.0 -1.0 0.0 0.0 -1.0 0.0 0.0 -1.0 0.0 0.0 -1.0 0.0 0.0 -1.0 0.0 0.0 -1.0 0.0 0.0 0.0 1.0 0.0 0.0 1.0 0.0 0.0 1.0 0.0 0.0 1.0 0.0 1.0 0.0 0.0 1.0 0.0 0.0 1.0 0.0 0.0 1.0 0.0 0.0 0.0 -1.0 0.0 0.0 -1.0 0.0 0.0 -1.0 0.0 0.0 -1.0 0.0 0.0 0.0 -1.0 0.0 0.0 -1.0 0.0 0.0 -1.0 0.0 0.0 -1.0 0.0 0.0 1.0 0.0 0.0 1.0 0.0 0.0 1.0 0.0 0.0 1.0</float_array>
				<technique_common>
				<accessor source="#id-mesh-16-normals-array" count="144" stride="3">
					<param name="X" type="float"/>
					<param name="Y" type="float"/>
					<param name="Z" type="float"/>
				</accessor>
				</technique_common>
			</source>
			<vertices id="id-mesh-16-vertices">
				<input semantic="POSITION" source="#id-mesh-16-positions"/>
			</vertices>
			<polygons count="36" material="id-trimat-17">
				<input semantic="VERTEX" source="#id-mesh-16-vertices" offset="0"/>
				<input semantic="NORMAL" source="#id-mesh-16-normals" offset="0"/>
				<p> 0 1 2 3 </p>
				<p> 4 5 6 7 </p>
				<p> 8 9 10 11 </p>
				<p> 12 13 14 15 </p>
				<p> 16 17 18 19 </p>
				<p> 20 21 22 23 </p>
				<p> 24 25 26 27 </p>
				<p> 28 29 30 31 </p>
				<p> 32 33 34 35 </p>
				<p> 36 37 38 39 </p>
				<p> 40 41 42 43 </p>
				<p> 44 45 46 47 </p>
				<p> 48 49 50 51 </p>
				<p> 52 53 54 55 </p>
				<p> 56 57 58 59 </p>
				<p> 60 61 62 63 </p>
				<p> 64 65 66 67 </p>
				<p> 68 69 70 71 </p>
				<p> 72 73 74 75 </p>
				<p> 76 77 78 79 </p>
				<p> 80 81 82 83 </p>
				<p> 84 85 86 87 </p>
				<p> 88 89 90 91 </p>
				<p> 92 93 94 95 </p>
				<p> 96 97 98 99 </p>
				<p> 100 101 102 103 </p>
				<p> 104 105 106 107 </p>
				<p> 108 109 110 111 </p>
				<p> 112 113 114 115 </p>
				<p> 116 117 118 119 </p>
				<p> 120 121 122 123 </p>
				<p> 124 125 126 127 </p>
				<p> 128 129 130 131 </p>
				<p> 132 133 134 135 </p>
				<p> 136 137 138 139 </p>
				<p> 140 141 142 143 </p>
			</polygons>
		</mesh>
	</geometry>
</library_geometries>
<library_controllers>
	<controller id="id-controller-18">
		<skin source="#id-mesh-16">
			<bind_shape_matrix> 1.0 0.0 0.0 -1.5935028791427612 0.0 1.0 0.0 -0.8887672424316406 0.0 0.0 1.0 2.9341137409210205 0.0 0.0 0.0 1.0  </bind_shape_matrix>
			<source id="id-controller-18-joints">
				<Name_array id="id-controller-18-joints-array" count="11"> id-skelbones-2-0 id-skelbones-2-1 id-skelbones-2-2 id-skelbones-2-3 id-skelbones-2-4 id-skelbones-2-5 id-skelbones-2-6 id-skelbones-2-7 id-skelbones-2-8 id-skelbones-2-9 id-skelbones-2-10</Name_array>
				<technique_common>
				<accessor source="#id-controller-18-joints-array" count="11" stride="1">
					<param name="JOINT" type="Name"/>
				</accessor>
				</technique_common>
			</source>
			<source id="id-controller-18-bind_poses">
				<float_array id="id-controller-18-bind_poses-array" count="176">  0.9998317956924438 -0.0009971209801733494 -0.018311524763703346 -0.3244725167751312 0.018337449058890343 0.04291192442178726 0.9989107251167297 -2.386751651763916 -0.00021024933084845543 -0.9990783929824829 0.0429229810833931 -0.42310330271720886 -0.0 0.0 -0.0 1.0    0.9775186777114868 -0.1959957778453827 -0.07773514091968536 -0.12821047008037567 0.0589311383664608 -0.10001873224973679 0.9932388663291931 -4.003908634185791 -0.20244555175304413 -0.9754906296730042 -0.08621996641159058 0.17745092511177063 -0.0 0.0 -0.0 1.0    0.9287577867507935 -0.3699604272842407 -0.02320200204849243 -0.41498827934265137 0.015934981405735016 -0.022687077522277832 0.9996157288551331 -4.646115303039551 -0.3703445494174957 -0.9287705421447754 -0.015175496228039265 -0.06370685249567032 -0.0 0.0 -0.0 1.0    -0.023110980167984962 -0.9997329711914062 2.543849950598087e-05 -0.2433469295501709 0.9973134994506836 -0.023056743666529655 -0.06952882558107376 -0.12508617341518402 0.06951083242893219 -0.0015815020306035876 0.9975800514221191 -4.000543117523193 -0.0 0.0 -0.0 1.0    4.541013787218162e-09 -1.0000001192092896 8.942756579699562e-08 -0.27365413308143616 0.9995521306991577 7.66171694976947e-08 -0.029927408322691917 -1.1946561336517334 0.02992740459740162 9.3488047525625e-08 0.9995521903038025 -3.955883741378784 -0.0 0.0 -0.0 1.0    -0.16699963808059692 0.9859568476676941 0.00019506461103446782 0.3145037591457367 -0.9830893278121948 -0.1664988100528717 -0.07624638080596924 0.6520764231681824 -0.07514309883117676 -0.012924863956868649 0.997089147567749 -3.9439945220947266 0.0 0.0 -0.0 1.0    -0.025015978142619133 0.9996859431266785 -0.0014663246693089604 0.40937456488609314 -0.9996805787086487 -0.0250104833394289 0.003621272509917617 -0.6064445376396179 0.0035834996961057186 0.0015564571367576718 0.9999926090240479 -3.9034571647644043 -0.0 -0.0 -0.0 1.0    -0.07334692031145096 -0.9962046146392822 -0.046868953853845596 -0.1800858974456787 0.9598029851913452 -0.05774408206343651 -0.2746710181236267 0.2864002585411072 0.27092215418815613 -0.06513122469186783 0.960395336151123 -2.4220705032348633 -0.0 0.0 -0.0 1.0    -0.9996579885482788 0.02535732463002205 0.006407980807125568 0.9338273406028748 -0.006336505524814129 0.0028955466113984585 -0.9999757409095764 2.23978853225708 -0.025375382974743843 -0.9996743202209473 -0.002733849687501788 -0.3249323070049286 -0.0 -0.0 -0.0 1.0    -0.046073608100414276 0.9964500665664673 -0.07045894861221313 0.5052838921546936 -0.9622242450714111 -0.06321632117033005 -0.26481756567955017 0.9685235619544983 -0.2683316171169281 0.0555962510406971 0.9617210030555725 -2.1880428791046143 0.0 0.0 -0.0 1.0    -0.9952287673950195 0.04338647425174713 -0.08739209920167923 0.01275116577744484 0.05634868144989014 -0.4756337106227875 -0.8778370022773743 1.8075042963027954 -0.07965289801359177 -0.878572940826416 0.4709194302558899 -1.3852728605270386 -0.0 0.0 0.0 1.0  </float_array>
				<technique_common>
				<accessor source="#id-controller-18-bind_poses-array" count="11" stride="16">
					<param name="TRANSFORM" type="float4x4"/>
				</accessor>
				</technique_common>
			</source>
			<source id="id-controller-18-skin_weights">
				<float_array id="id-controller-18-skin_weights-array" count="222"> 1.0 1.0 1.0 1.0 1.0 1.0 1.0 1.0 1.0 1.0 1.0 1.0 1.0 1.0 1.0 1.0 1.0 1.0 1.0 1.0 1.0 1.0 1.0 1.0 1.0 1.0 1.0 1.0 1.0 0.9999999403953552 1.0 1.0 1.0 1.0 1.0 1.0 1.0 1.0 1.0 1.0 1.0 1.0 0.9999999403953552 1.0 1.0 1.0 1.0 0.9999999403953552 1.0 1.0 1.0 1.0 1.0 1.0 1.0 1.0 1.0 1.0 1.0 1.0 1.0 1.0 1.0 1.0 1.0 1.0 1.0 1.0 1.0 1.0 1.0 1.0 1.0 1.0 1.0 1.0 1.0 1.0 1.0 1.0 1.0 1.0 1.0 1.0 1.0 1.0 1.0 1.0 1.0 1.0 1.0 1.0 1.0 1.0 1.0 1.0 1.0 1.0 1.0 1.0 1.0 1.0 0.9999999403953552 1.0 1.0 0.9999999403953552 0.9999999403953552 1.0 1.0 0.9999999403953552 1.0 1.0 1.0 1.0 1.0 1.0 0.9999999403953552 1.0 1.0 0.9999999403953552 0.1863030642271042 0.02583848312497139 0.36130744218826294 0.20723512768745422 0.20723512768745422 0.645241916179657 0.0946401059627533 0.12219392508268356 0.06896200776100159 0.06896200776100159 0.7904295325279236 0.10636899620294571 0.033622171729803085 0.033622171729803085 0.017470557242631912 0.01610184833407402 0.45956718921661377 0.45956718921661377 0.017470557242631912 0.01610184833407402 0.45956718921661377 0.45956718921661377 0.7904295325279236 0.10636899620294571 0.033622171729803085 0.033622171729803085 0.13495206832885742 0.8106449842453003 0.0013190656900405884 0.06884220987558365 0.20283855497837067 0.34057584404945374 0.19387169182300568 0.19387169182300568 0.06884220987558365 0.20283855497837067 0.34057584404945374 0.19387169182300568 0.19387169182300568 0.13495206832885742 0.8106449842453003 0.0013190656900405884 0.7746467590332031 0.11687874794006348 0.0818735659122467 0.06431441009044647 0.005701176822185516 0.8345991373062134 0.023235876113176346 0.023235876113176346 0.06431441009044647 0.005701176822185516 0.8345991373062134 0.023235876113176346 0.023235876113176346 0.7746467590332031 0.11687874794006348 0.0818735659122467 0.645241916179657 0.0946401059627533 0.12219392508268356 0.06896200776100159 0.06896200776100159 0.1863030642271042 0.02583848312497139 0.36130744218826294 0.20723512768745422 0.20723512768745422 0.017470557242631912 0.01610184833407402 0.45956718921661377 0.45956718921661377 0.06884220987558365 0.20283855497837067 0.34057584404945374 0.19387169182300568 0.19387169182300568 0.06431441009044647 0.005701176822185516 0.8345991373062134 0.023235876113176346 0.023235876113176346 0.1863030642271042 0.02583848312497139 0.36130744218826294 0.20723512768745422 0.20723512768745422 0.13495206832885742 0.8106449842453003 0.0013190656900405884 0.7904295325279236 0.10636899620294571 0.033622171729803085 0.033622171729803085 0.645241916179657 0.0946401059627533 0.12219392508268356 0.06896200776100159 0.06896200776100159 0.7746467590332031 0.11687874794006348 0.0818735659122467</float_array>
				<technique_common>
				<accessor source="#id-controller-18-skin_weights-array" count="222" stride="1">
					<param name="WEIGHT" type="float"/>
				</accessor>
				</technique_common>
			</source>
			<joints>
				<input semantic="JOINT" source="#id-controller-18-joints"/>
				<input semantic="INV_BIND_MATRIX" source="#id-controller-18-bind_poses"/>
			</joints>
			<vertex_weights count="144">
				<input semantic="JOINT" source="#id-controller-18-joints" offset="0"/>
				<input semantic="WEIGHT" source="#id-controller-18-skin_weights" offset="1"/>
				<vcount> 1 1 1 1 1 1 1 1 1 1 1 1 1 1 1 1 1 1 1 1 1 1 1 1 1 1 1 1 1 1 1 1 1 1 1 1 1 1 1 1 1 1 1 1 1 1 1 1 1 1 1 1 1 1 1 1 1 1 1 1 1 1 1 1 1 1 1 1 1 1 1 1 1 1 1 1 1 1 1 1 1 1 1 1 1 1 1 1 1 1 1 1 1 1 1 1 1 1 1 1 1 1 1 1 1 1 1 1 1 1 1 1 1 1 1 1 1 1 1 1 5 5 4 4 4 4 3 5 5 3 3 5 5 3 5 5 4 5 5 5 3 4 5 3</vcount>
				<v> 6 0 6 1 6 2 6 3 6 4 6 5 6 6 6 7 6 8 6 9 6 10 6 11 6 12 6 13 6 14 6 15 6 16 6 17 6 18 6 19 6 20 6 21 6 22 6 23 2 24 2 25 2 26 2 27 2 28 2 29 2 30 2 31 2 32 2 33 2 34 2 35 2 36 2 37 2 38 2 39 2 40 2 41 2 42 2 43 2 44 2 45 2 46 2 47 10 48 10 49 10 50 10 51 10 52 10 53 10 54 10 55 10 56 10 57 10 58 10 59 10 60 10 61 10 62 10 63 10 64 10 65 10 66 10 67 10 68 10 69 10 70 10 71 8 72 8 73 8 74 8 75 8 76 8 77 8 78 8 79 8 80 8 81 8 82 8 83 8 84 8 85 8 86 8 87 8 88 8 89 8 90 8 91 8 92 8 93 8 94 8 95 4 96 4 97 4 98 4 99 4 100 4 101 4 102 4 103 4 104 4 105 4 106 4 107 4 108 4 109 4 110 4 111 4 112 4 113 4 114 4 115 4 116 4 117 4 118 4 119 1 120 3 121 7 122 9 123 10 124 1 125 3 126 7 127 9 128 10 129 1 130 3 131 9 132 10 133 1 134 7 135 9 136 10 137 1 138 7 139 9 140 10 141 1 142 3 143 9 144 10 145 1 146 3 147 7 148 1 149 3 150 7 151 9 152 10 153 1 154 3 155 7 156 9 157 10 158 1 159 3 160 7 161 1 162 3 163 7 164 1 165 3 166 7 167 9 168 10 169 1 170 3 171 7 172 9 173 10 174 1 175 3 176 7 177 1 178 3 179 7 180 9 181 10 182 1 183 3 184 7 185 9 186 10 187 1 188 7 189 9 190 10 191 1 192 3 193 7 194 9 195 10 196 1 197 3 198 7 199 9 200 10 201 1 202 3 203 7 204 9 205 10 206 1 207 3 208 7 209 1 210 3 211 9 212 10 213 1 214 3 215 7 216 9 217 10 218 1 219 3 220 7 221</v>
			</vertex_weights>
		</skin>
	</controller>
</library_controllers>
<library_animation_clips>
	<animation_clip name="Action.001" start="0.0" end="0.041666666666666664">
	</animation_clip>
	<animation_clip name="Action.002" start="0.0" end="0.041666666666666664">
	</animation_clip>
	<animation_clip name="Walk" start="0.041666666666666664" end="1.625">
		<instance_animation url="#id-anim-19"/>
		<instance_animation url="#id-anim-20"/>
		<instance_animation url="#id-anim-21"/>
		<instance_animation url="#id-anim-22"/>
		<instance_animation url="#id-anim-23"/>
		<instance_animation url="#id-anim-24"/>
		<instance_animation url="#id-anim-25"/>
		<instance_animation url="#id-anim-26"/>
		<instance_animation url="#id-anim-27"/>
		<instance_animation url="#id-anim-28"/>
		<instance_animation url="#id-anim-29"/>
		<instance_animation url="#id-anim-30"/>
	</animation_clip>
</library_animation_clips>
<library_visual_scenes>
	<visual_scene id="id-scene-1" name="scene">
		<node id="Armature" name="Armature" type="NODE">
			<matrix sid="transform"> 1.0 0.0 0.0 0.3822958469390869 0.0 1.0 0.0 -0.21106743812561035 0.0 0.0 1.0 3.031672239303589 0.0 0.0 0.0 1.0  </matrix>
			<node id="id-bone-3" sid="id-skelbones-2-0" name="Torso" type="JOINT">
				<matrix sid="transform"> 0.9998319149017334 0.018337447196245193 -0.00021025206660851836 -0.014199905097484589 -0.0009971181862056255 0.04291190952062607 -0.9990783929824829 -0.1095493733882904 -0.018311524763703346 0.9989104866981506 0.042922988533973694 -0.6353018283843994 0.0 0.0 0.0 1.0  </matrix>
				<node id="id-bone-4" sid="id-skelbones-2-1" name="Neck" type="JOINT">
					<matrix sid="transform"> 0.9789732098579407 0.0408332459628582 -0.19986005127429962 -7.494236342608929e-10 -0.06813579052686691 0.988945484161377 -0.13169851899147034 1.587529182434082 0.19227297604084015 0.14254695177078247 0.9709333181381226 5.323499863152392e-09 0.0 0.0 0.0 1.0  </matrix>
					<node id="id-bone-5" sid="id-skelbones-2-2" name="Head" type="JOINT">
						<matrix sid="transform"> 0.98219233751297 -0.057681914418935776 -0.17880398035049438 -1.1175870895385742e-08 0.06869061291217804 0.9960651993751526 0.05599673464894295 0.6559990644454956 0.17487043142318726 -0.06728173792362213 0.9822899103164673 7.450580596923828e-09 0.0 0.0 0.0 1.0  </matrix>
					</node>
				</node>
				<node id="id-bone-6" sid="id-skelbones-2-3" name="LeftShoulder" type="JOINT">
					<matrix sid="transform"> -0.022110627964138985 0.9984418749809265 0.051233503967523575 -7.494236342608929e-10 -0.04329884424805641 -0.0521542951464653 0.997700035572052 1.587529182434082 0.9988174438476562 0.019841499626636505 0.044384539127349854 5.323499863152392e-09 0.0 0.0 0.0 1.0  </matrix>
					<node id="id-bone-7" sid="id-skelbones-2-4" name="LeftArm" type="JOINT">
						<matrix sid="transform"> 0.9997328519821167 -0.02310139127075672 -0.0006663139793090522 3.0613591661676764e-09 0.023056814447045326 0.9989475011825562 -0.039650674909353256 0.9177687168121338 0.0015815983060747385 0.039624713361263275 0.9992133378982544 -6.111804395914078e-10 0.0 0.0 0.0 1.0  </matrix>
					</node>
				</node>
				<node id="id-bone-8" sid="id-skelbones-2-5" name="RightShoulder" type="JOINT">
					<matrix sid="transform"> -0.16795821487903595 -0.9813617467880249 -0.09337584674358368 -7.494236342608929e-10 0.03944181278347969 -0.10133537650108337 0.9940701127052307 1.587529182434082 -0.9850047826766968 0.16327938437461853 0.0557267926633358 5.323499863152392e-09 0.0 0.0 0.0 1.0  </matrix>
					<node id="id-bone-9" sid="id-skelbones-2-6" name="RightArm" type="JOINT">
						<matrix sid="transform"> 0.989824652671814 0.1422877013683319 0.001131214783526957 -1.3227690942585468e-08 -0.14174184203147888 0.9866635203361511 -0.08002778887748718 0.9960735440254211 -0.012503096833825111 0.0790531262755394 0.9967918992042542 -4.6100467443466187e-08 0.0 0.0 0.0 1.0  </matrix>
					</node>
				</node>
			</node>
			<node id="id-bone-10" sid="id-skelbones-2-7" name="LowerLeftTorso" type="JOINT">
				<matrix sid="transform"> -0.07334678620100021 0.9598026871681213 0.27092209458351135 -0.014199905097484589 -0.9962044954299927 -0.057744190096855164 -0.06513121724128723 -0.1095493733882904 -0.046868979930877686 -0.2746710181236267 0.9603952765464783 -0.6353018283843994 0.0 0.0 0.0 1.0  </matrix>
				<node id="id-bone-11" sid="id-skelbones-2-8" name="LeftLeg" type="JOINT">
					<matrix sid="transform"> 0.047760289162397385 0.04444805160164833 0.9978693127632141 -1.1175870895385742e-08 -0.9626988768577576 0.26841527223587036 0.03412093222141266 0.5952881574630737 -0.2663268744945526 -0.9622772932052612 0.055609673261642456 -8.847564458847046e-08 0.0 0.0 0.0 1.0  </matrix>
				</node>
			</node>
			<node id="id-bone-12" sid="id-skelbones-2-9" name="LowerRightTorso" type="JOINT">
				<matrix sid="transform"> -0.04607360064983368 -0.9622241854667664 -0.2683316171169281 -0.014199905097484589 0.9964501261711121 -0.06321631371974945 0.05559620261192322 -0.1095493733882904 -0.07045899331569672 -0.2648175060749054 0.9617209434509277 -0.6353018283843994 0.0 0.0 0.0 1.0  </matrix>
				<node id="id-bone-13" sid="id-skelbones-2-10" name="RightLeg" type="JOINT">
					<matrix sid="transform"> 0.09524387121200562 -0.41468968987464905 -0.9049645662307739 9.313225746154785e-09 0.9780334234237671 0.2083142101764679 0.0074763186275959015 0.5898804664611816 0.18541674315929413 -0.8857975602149963 0.4254211485385895 1.30385160446167e-08 0.0 0.0 0.0 1.0  </matrix>
				</node>
			</node>
			<node id="Cube.002" name="Cube.002" type="NODE">
				<matrix sid="transform"> 1.0 0.0 0.0 -1.9757987260818481 0.0 1.0 0.0 -0.6776998043060303 0.0 0.0 1.0 -0.09755849838256836 0.0 0.0 0.0 1.0  </matrix>
				<instance_controller url="#id-controller-18">
					<skeleton>#id-bone-3</skeleton>
					<skeleton>#id-bone-10</skeleton>
					<skeleton>#id-bone-12</skeleton>
					<bind_material>
						<technique_common>
							<instance_material symbol="id-trimat-17" target="#id-material-15"/>
						</technique_common>
					</bind_material>
				</instance_controller>
			</node>
		</node>
	</visual_scene>
</library_visual_scenes>
<library_animations>
	<animation id="id-anim-19">
		<source id="id-anim-19-input">
			<float_array id="id-anim-19-input-array" count="39"> 0.0 0.041666666666666664 0.08333333333333334 0.125 0.16666666666666666 0.20833333333333334 0.24999999999999997 0.29166666666666663 0.3333333333333333 0.37499999999999994 0.41666666666666663 0.4583333333333333 0.49999999999999994 0.5416666666666666 0.5833333333333334 0.625 0.6666666666666666 0.7083333333333334 0.75 0.7916666666666666 0.8333333333333334 0.875 0.9166666666666666 0.9583333333333334 0.9999999999999999 1.0416666666666665 1.0833333333333333 1.1249999999999998 1.1666666666666665 1.2083333333333333 1.2499999999999998 1.2916666666666665 1.3333333333333333 1.3749999999999998 1.4166666666666665 1.4583333333333333 1.4999999999999998 1.5416666666666665 1.5833333333333333</float_array>
			<technique_common>
				<accessor source="#id-anim-19-input-array" count="39" stride="1">
					<param name="TIME" type="float"/>
				</accessor>
			</technique_common>
		</source>
		<source id="id-anim-19-transform-output">
